152720
0 314 901
0 310 607
1 336 1370
1 779 881
2 936 42
2 935 68
3 2562 7
4 9 516
4 193 648
5 8 848
5 61 472
6 224 1719
7 61 623
7 6 327
8 192 76
9 7 201
10 11 483
11 76 4741
12 1102 125
12 1105 395
13 1148 27
14 15 126
14 1152 201
15 1151 7
15 1152 150
16 14 602
17 59 1753
18 1163 1334
18 17 716
19 1033 770
19 871 430
20 169 3535
21 1045 70
21 1050 917
22 526 186
22 525 315
22 593 460
23 1222 166
23 526 14
24 1195 319
24 4138 52
25 521 19
25 4136 226
26 1011 89
27 293 396
27 26 332
28 1156 336
28 29 282
29 3154 2173
30 492 51
30 418 13
31 3155 57
31 30 21
32 4134 53
33 34 88
33 3163 110
34 409 15
34 3163 80
35 808 14
35 2136 76
36 4561 21
36 1275 19
37 1058 673
38 609 121
39 873 36
39 41 203
40 1071 395
40 1021 966
41 38 672
42 1069 57
42 1025 299
42 2961 41
43 1022 123
44 3341 34
44 5080 1156
44 3330 493
45 52 10
45 49 255
45 615 252
46 52 95
46 3719 197
46 47 275
47 48 269
47 46 275
47 3721 192
47 6504 473
48 47 269
48 1025 121
49 45 255
49 1070 14
50 3719 187
51 52 194
52 46 95
52 45 10
52 51 194
53 189 140
53 190 1023
55 295 2876
56 297 870
56 1549 276
57 69 901
57 738 1061
58 53 2516
59 8 478
59 6 634
60 11 1023
60 938 457
61 195 1834
62 65 71
63 62 542
63 334 861
64 324 592
64 322 1090
65 333 841
65 332 492
66 45060 493
67 334 655
67 327 1161
68 3108 739
69 66 341
70 63 3178
71 5586 611
72 326 414
72 68 1045
73 1097 397
73 921 1106
74 78 435
75 923 220
75 925 575
76 74 496
76 82 284
77 73 654
77 80 331
78 870 2206
79 925 516
79 932 256
80 926 123
81 3899 276
81 77 311
82 926 374
82 927 267
83 266 23
83 45031 163
84 191 3045
85 83 18
85 951 163
86 203 3111
87 94 776
88 4676 33
88 4677 31
88 367 21
89 581 93
89 573 15
90 6559 50
90 4119 52
91 349 21
91 4672 113
92 3158 499
92 5684 298
93 4671 713
94 422 21
94 605 1182
95 4575 429
95 5936 512
96 4694 54
96 358 20
97 1419 11
97 1423 174
97 597 442
98 1427 17
98 599 92
99 17 1337
99 1162 1408
100 401 1934
101 471 718
101 1111 1508
102 542 880
103 3482 17
103 3486 508
104 105 16
104 3641 602
104 3640 183
105 104 16
105 464 720
106 108 24
106 3502 35
107 3500 25
107 106 11
108 3497 37
108 109 11
109 107 24
109 3499 44
110 107 54
110 3500 62
111 113 17
111 3467 504
112 111 18
112 3498 863
113 114 19
113 2513 605
114 112 17
114 570 593
115 117 29
115 4144 52
116 115 17
116 4140 52
117 118 18
117 4142 62
118 116 29
118 4146 56
119 568 65
119 120 18
120 567 81
120 122 18
121 119 18
121 571 83
122 564 52
122 121 19
123 124 430
124 125 17
124 123 430
124 566 148
125 124 17
125 130 793
125 4145 479
126 127 24
126 4139 800
127 130 589
127 129 18
128 126 19
129 128 25
129 559 743
130 131 19
130 125 793
130 147 204
131 130 19
131 549 325
131 129 592
132 3109 97
132 133 185
132 6444 279
133 986 56
133 2872 314
133 132 185
133 2873 644
134 955 11
134 990 34
135 1005 29
135 134 17
136 2829 33
137 139 290
137 136 279
138 136 247
138 958 694
139 140 37
140 86 560
140 144 609
141 138 75
142 141 652
142 144 637
143 141 470
143 86 829
144 221 3953
145 137 1114
146 284 380
147 148 15
147 565 648
148 150 15
148 561 636
149 147 15
149 131 205
150 149 14
150 550 308
151 561 10
151 150 637
152 478 96
152 153 19
153 155 21
153 472 86
154 152 22
154 555 208
154 5870 341
155 154 17
156 158 21
156 157 149
157 3430 1472
157 3471 310
158 548 22
158 5871 382
159 1778 60
159 1780 22
159 1785 55
160 161 20
160 459 432
161 1680 308
161 1935 20
161 160 20
162 1670 443
162 1317 19
162 1713 409
163 1731 18
163 1308 153
164 613 273
165 169 477
165 164 90
166 167 21
166 1888 533
167 166 21
167 1992 424
167 5571 165
168 171 763
169 7908 3828
170 19 3988
170 164 479
171 617 383
172 1376 1236
172 1912 91
173 2001 19
173 2007 40
173 2006 39
174 2001 149
174 1999 190
174 624 314
174 626 687
175 180 1609
175 222 1586
176 6505 1185
177 176 1141
177 223 1043
178 739 1040
178 181 808
178 1543 1448
179 740 894
179 1543 27
179 1555 4322
180 953 1122
181 178 808
182 179 823
183 1542 77
183 58 424
184 1542 430
184 55 818
185 177 1245
186 182 71
186 55 364
187 1541 325
187 4295 1463
187 4305 1172
188 184 2300
189 2387 510
189 3525 923
190 60 3144
191 185 1100
191 3526 632
192 16 748
192 193 256
193 4936 762
194 9 690
194 16 527
195 1163 1432
195 1162 1295
196 225 1460
196 197 290
197 979 87
198 979 709
198 944 8107
199 204 3419
200 2132 503
200 4955 1045
200 3779 2386
200 3789 703
201 1171 72
201 4961 511
202 235 1709
202 205 330
203 202 614
203 198 3483
204 142 3300
205 202 330
205 204 572
205 206 262
206 2888 16
206 205 262
206 2887 1116
207 2754 14
207 6022 49
208 2751 14
208 6026 62
209 211 18
209 5612 77
210 209 140
210 6585 177
211 209 18
211 3685 743
211 673 173
212 213 71
212 3686 16
213 214 464
214 3685 11
214 5327 268
214 6586 129
215 3683 30
215 216 397
215 4557 55
216 217 74
216 674 147
216 215 397
217 216 74
217 218 569
217 663 917
217 1385 519
218 5497 171
218 1341 1712
218 5500 354
218 217 569
219 5330 64
219 220 21
219 3688 770
220 219 21
220 2561 4220
220 5506 496
221 180 1281
221 222 1117
222 5 1572
223 143 3995
224 223 1290
224 176 1498
225 264 19
225 2935 319
225 196 1460
226 245 346
226 228 17
226 3770 454
227 5910 19
227 5912 59
228 649 382
228 241 15
229 2883 23
229 3821 457
229 290 497
230 260 12
230 251 1819
231 246 181
231 2886 132
231 245 15
231 228 348
232 992 1711
232 2763 1966
233 2877 278
233 2818 939
234 226 15
234 244 454
235 248 18
235 202 1709
235 1454 805
236 243 60
236 241 381
236 649 16
237 649 61
238 245 180
239 242 338
240 3164 17
240 4952 56
241 234 17
242 239 338
242 4953 1448
242 2894 317
243 236 60
244 234 454
244 3770 19
244 1493 345
245 238 180
245 231 15
246 231 181
247 2849 19
247 2762 1077
247 1500 1808
248 235 18
248 2838 195
250 258 984
250 2840 681
251 255 13
251 4073 3160
252 262 288
252 5947 439
253 2839 648
253 997 331
254 2846 1001
254 2772 586
255 4963 8
255 251 13
255 4964 431
256 4965 64
256 4966 429
256 1500 792
257 230 19
258 264 329
258 2842 580
259 249 51
259 257 12
260 259 19
260 247 1263
261 257 54
262 6434 221
262 2835 893
263 6557 332
264 225 19
264 6240 117
264 6520 1123
265 5783 74
266 85 23
266 356 1353
267 1233 576
267 315 986
268 315 513
268 1233 1164
269 72 4399
270 268 324
270 146 1379
271 466 184
272 279 79
272 280 892
273 312 444
274 919 767
275 271 293
275 307 240
276 273 173
277 276 223
277 308 531
278 277 300
278 485 284
279 274 284
279 273 262
280 128 585
281 278 125
281 102 416
282 737 750
282 283 839
284 0 1431
285 319 583
285 1235 1925
286 712 169
286 733 308
286 287 1101
287 687 456
287 5820 635
287 286 1101
288 3661 11
288 2951 5
289 4941 137
289 4945 969
290 650 268
290 229 497
290 2885 259
290 5914 1173
291 292 1611
291 6431 134
292 5888 117
292 5886 64
292 4945 1122
292 291 1611
292 5893 310
293 1012 29
293 26 418
294 299 1041
294 299 1029
295 298 737
295 298 732
296 182 369
296 58 814
297 1548 484
298 1582 997
299 296 2797
300 2921 51
300 2809 1733
300 2922 58
301 2811 32
301 2805 779
302 2921 432
302 6432 58
303 1110 1073
303 311 5554
304 102 364
304 3391 156
305 306 105
305 312 459
306 271 406
306 307 309
307 304 107
308 919 657
309 316 1248
310 1161 6194
311 314 749
311 309 1080
312 309 593
312 310 841
313 275 303
313 274 663
314 313 16
315 269 731
316 267 437
316 318 1888
317 318 653
318 8349 8858
319 317 737
319 146 742
320 70 1028
320 282 358
321 737 680
321 69 764
322 285 4272
323 64 718
323 870 1069
324 433 104
325 322 483
325 68 976
326 432 336
326 324 767
327 321 3113
328 327 1062
328 62 949
329 330 933
329 333 597
330 67 144
331 330 402
331 332 646
332 1346 1849
333 1362 898
334 323 6715
335 783 524
335 337 1361
337 99 7293
338 340 189
339 5987 446
339 5994 247
339 785 473
340 785 22
340 338 189
340 2134 754
341 2491 274
342 345 16
342 395 290
343 3156 16
343 492 99
344 1521 93
345 398 19
345 1534 685
346 393 13
346 3092 134
347 496 16
347 6250 216
348 3181 37
348 396 12
349 91 21
349 4670 87
349 448 650
350 5170 59
350 386 17
350 5169 63
351 389 22
351 346 508
352 6034 15
352 447 529
352 6032 187
353 3000 14
353 350 549
354 2384 468
354 448 494
355 601 46
355 2991 13
356 5885 68
356 5884 62
357 5883 17
357 5882 78
358 359 20
358 4696 52
359 360 24
360 96 22
360 361 196
361 2450 14
362 4689 597
363 4574 376
363 5936 651
364 4572 157
365 4568 487
366 4686 43
366 2445 23
367 4679 23
367 88 21
367 4680 26
368 369 15
368 2423 39
368 645 2093
369 368 15
369 646 148
370 93 537
370 374 121
371 370 16
371 370 2804
372 379 119
372 371 258
373 372 18
373 2417 291
374 375 15
374 1256 232
375 371 122
375 379 256
376 373 326
376 383 162
377 5209 54
377 384 116
378 377 21
378 5211 57
379 380 12
379 394 454
380 383 296
380 373 117
381 5210 91
382 381 130
382 100 168
383 5204 40
384 385 18
384 5205 66
385 5207 55
385 378 118
386 350 17
386 2385 503
387 100 105
387 381 176
388 390 24
388 386 645
389 388 21
389 1412 490
390 351 20
390 443 528
391 346 21
391 389 509
392 391 14
392 375 415
393 392 22
393 1175 232
394 348 17
394 392 275
395 5202 355
395 394 12
396 395 17
396 345 287
397 342 17
397 5206 487
398 397 16
398 3178 202
399 402 331
399 400 534
400 5794 224
401 29 410
401 1156 327
402 28 139
403 1154 511
403 1155 297
404 35 12
404 2493 55
405 3180 76
405 3179 68
406 1110 221
407 406 107
407 1153 1112
408 1427 37
408 3091 100
409 3161 83
409 411 20
410 1531 45
410 3150 60
411 412 15
411 3159 101
412 414 94
412 34 19
413 355 16
413 2984 48
414 4135 28
415 3149 102
415 1272 166
416 4257 330
417 36 67
417 3389 48
418 420 22
418 494 44
419 1274 66
419 87 77
420 31 13
420 1157 3262
421 2973 467
421 6243 344
422 94 21
422 417 772
422 6226 882
423 424 16
423 2978 30
424 2976 49
424 499 16
425 500 15
425 2964 35
426 2966 32
426 425 10
427 89 19
427 428 869
428 429 21
428 5659 1053
428 1262 1586
429 428 21
429 3228 1895
429 89 898
430 431 20
430 585 15
430 584 162
431 430 20
431 587 322
432 3105 9
433 1044 116
433 1052 459
434 1054 525
434 1053 369
435 444 19
435 446 401
436 435 21
436 2380 482
437 4131 13
437 447 426
438 441 17
438 2998 38
439 97 639
439 1417 10
440 439 13
441 2996 32
441 2962 11
442 5169 398
442 2997 513
442 437 21
443 442 585
443 436 18
444 443 21
444 351 529
445 444 406
445 446 18
446 1522 268
447 352 529
447 4129 509
448 349 650
448 5587 982
448 354 494
449 456 110
450 460 418
451 452 296
451 455 206
451 1437 285
452 456 120
452 454 375
452 451 296
453 456 215
454 452 375
455 451 206
455 553 34
455 551 242
456 452 120
456 449 110
456 453 215
457 459 21
457 6466 72
457 6467 57
458 6466 84
458 6015 694
459 457 21
459 159 233
460 450 418
460 1669 3983
460 5876 1883
460 3484 710
461 280 107
462 465 13
462 469 620
463 462 17
464 463 13
464 461 2601
465 464 17
465 3645 547
466 461 91
466 467 67
467 463 2555
468 1271 255
468 5790 269
469 3639 13
469 3575 423
470 407 194
471 470 72
471 1248 370
472 548 555
473 2091 13
473 2126 66
474 1220 53
474 1221 49
475 1218 47
475 1187 123
476 1192 77
476 1185 49
477 153 94
477 472 146
478 560 23
479 3602 23
479 4149 975
480 4147 112
480 4636 19
480 518 167
481 152 123
481 478 160
482 485 31
482 487 420
482 484 384
483 484 298
484 490 847
484 482 384
484 483 298
485 467 278
485 482 31
486 491 97
486 487 142
486 488 198
487 5842 320
487 482 420
487 486 142
488 491 177
488 541 7
488 486 198
489 541 131
490 484 847
490 536 4253
490 546 790
491 486 97
491 488 177
491 5846 406
492 1520 134
493 418 50
493 494 68
494 6201 1100
495 420 470
496 347 16
496 5658 529
496 2979 562
497 3169 95
497 495 127
498 2972 29
498 423 16
499 498 16
499 2974 48
500 501 9
500 2970 42
501 2968 39
501 426 15
502 6200 27
502 5705 1379
503 3169 588
503 505 98
503 504 97
504 6202 239
505 506 18
505 504 61
505 503 98
506 505 18
506 5799 489
507 503 161
507 505 84
508 3096 33
508 3410 249
509 508 40
510 5800 3
510 5795 21
511 4150 38
511 512 17
512 4148 16
512 514 19
513 511 19
513 1194 95
514 513 16
515 5797 294
515 1182 206
516 592 81
516 520 229
516 1194 259
517 519 234
517 521 181
518 480 167
518 592 196
518 4136 266
519 515 226
520 1186 26
520 516 229
520 3638 204
521 1164 28
521 519 82
522 523 29
522 1208 61
522 3626 98
522 1186 135
523 522 29
523 524 200
523 3625 87
524 523 200
524 527 587
524 1200 293
525 25 127
525 22 315
526 23 14
526 22 186
526 3501 44
527 6420 35
527 524 587
527 528 281
528 529 18
528 527 281
528 4137 162
529 528 18
529 105 1025
530 532 14
530 2513 518
531 569 774
532 534 19
533 531 41
533 530 21
534 533 12
534 5875 185
535 533 49
535 531 72
536 490 4253
537 540 16
537 3593 388
538 539 477
539 540 309
539 538 477
539 4652 579
540 2095 8
540 537 16
540 539 309
541 488 7
541 489 131
541 543 845
542 3753 964
542 543 237
543 541 845
543 542 237
543 544 435
544 543 435
544 553 762
544 552 542
545 272 692
545 546 585
546 490 790
546 553 954
546 545 585
546 554 509
547 562 11
547 550 640
547 151 311
548 156 7
548 547 591
549 131 325
550 477 637
550 547 640
551 455 242
552 544 542
553 546 954
553 544 762
553 455 34
554 1895 649
554 546 509
554 1883 1872
555 5855 131
555 5847 188
556 5868 957
557 558 179
557 481 70
558 557 179
558 559 1050
558 560 117
559 281 12
559 558 1050
560 558 117
560 149 922
561 562 338
562 547 11
562 156 585
563 3486 779
564 148 726
565 121 131
565 571 158
566 119 75
566 568 119
567 2514 452
568 112 599
569 122 50
569 564 85
570 120 66
570 567 97
571 125 139
572 5706 8
572 5693 238
573 607 18
573 5661 581
574 2510 77
574 575 18
575 577 22
575 3466 114
576 574 21
576 2508 48
577 3468 89
577 576 18
578 3227 343
579 578 130
579 580 257
580 573 128
581 2498 1205
581 578 302
582 588 362
582 2498 391
583 585 159
584 430 162
585 587 20
585 583 159
585 5663 1162
586 587 17
586 589 406
587 585 20
587 431 15
587 431 322
588 589 152
588 591 586
588 582 362
589 588 152
589 590 510
589 586 406
590 589 510
591 588 586
592 593 145
592 518 196
592 516 81
593 592 145
593 22 460
593 594 272
594 593 272
595 2512 926
595 4094 503
596 1239 245
596 598 21
597 599 105
597 98 92
598 596 21
598 408 309
598 1254 129
599 596 237
600 2991 43
600 2988 63
601 352 564
602 1399 83
602 1409 149
603 493 318
604 605 19
604 422 1188
604 3217 1678
605 1255 376
605 604 19
605 606 45
606 605 45
607 427 16
608 611 1014
608 1909 1696
608 1916 954
609 610 123
609 1068 63
610 5167 339
611 614 130
611 608 1014
611 612 160
612 611 160
612 1918 142
613 616 350
613 618 495
614 611 130
614 1916 563
614 1917 89
615 45 252
615 5137 255
615 4984 151
616 619 401
616 1983 88
616 613 350
617 618 16
617 1917 357
618 617 16
618 1984 37
618 1983 120
619 626 118
619 616 401
619 1992 770
619 1972 329
620 1687 62
620 1686 288
620 621 519
621 2065 118
621 2067 440
621 620 519
622 2071 220
622 623 191
622 2081 126
623 622 191
623 2080 123
623 627 267
624 625 25
624 174 314
624 2000 233
625 629 228
625 624 25
625 2013 285
626 1973 61
626 619 118
626 174 687
627 2041 215
627 623 267
627 628 137
628 2048 88
628 2053 197
628 627 137
629 2016 196
629 2027 159
629 2018 336
629 625 228
630 2016 178
630 2025 153
630 2015 210
631 2033 94
631 2023 158
631 2025 169
632 2029 179
632 2038 651
632 2028 466
633 1975 12
633 1989 220
633 634 233
634 18362 166
634 635 186
634 633 233
635 634 186
635 1979 572
635 1986 553
636 3839 1483
636 639 94
637 3422 11
637 641 71
638 641 47
638 637 47
639 642 50
639 643 85
639 636 94
640 638 47
640 641 65
641 638 47
641 637 71
641 640 65
641 644 1027
642 639 50
643 639 85
644 641 1027
644 3830 990
645 368 2093
646 647 43
646 369 148
646 648 643
647 646 43
648 646 643
649 237 61
649 236 16
649 650 409
650 2886 273
650 290 268
650 649 409
651 657 254
651 661 604
651 1355 714
652 679 17
652 3005 53
653 683 12
654 659 169
654 6584 231
655 3684 647
656 671 377
656 5770 241
657 651 254
658 663 324
658 2130 280
658 674 746
658 5614 651
659 675 216
659 666 408
659 654 169
660 667 56
660 652 13
661 676 15
661 651 604
661 5607 422
662 652 56
662 3005 79
663 658 324
663 217 917
663 5779 894
664 660 17
664 3006 60
665 5754 657
665 5763 252
665 5757 357
666 659 408
667 5606 194
668 680 22
668 5735 238
668 5728 590
669 660 62
669 667 87
670 2130 302
670 671 15
670 656 379
671 670 15
671 5777 223
671 661 587
672 5614 271
672 1331 303
672 5778 129
672 5767 614
673 3004 238
673 677 206
674 216 147
674 658 746
674 676 606
675 659 216
676 661 15
676 674 606
676 670 589
677 673 206
678 45226 49
678 5722 569
678 5729 558
679 664 13
679 655 63
680 668 22
680 5734 170
680 5731 77
681 5773 44
681 5777 632
682 5778 1130
682 5763 1567
682 5768 469
683 3683 12
683 215 28
684 3666 61
685 5836 200
685 718 270
685 686 287
686 685 287
687 710 1429
687 287 456
688 701 9
688 706 188
688 3666 161
689 710 37
690 1306 11
690 2598 10
691 728 301
692 720 286
692 1574 105
692 1572 335
693 707 160
693 714 181
693 694 194
694 697 158
694 693 194
694 5834 326
695 3667 9
695 2576 416
695 2752 769
696 705 10
696 5825 42
696 700 64
697 694 158
697 707 193
697 698 99
697 703 451
698 697 99
698 723 217
699 864 25
699 1327 5
699 2723 199
699 2722 86
700 696 64
700 719 227
700 5825 79
701 688 9
701 695 468
702 718 176
702 719 170
702 5839 179
703 719 31
703 707 255
703 697 451
704 5828 388
704 1359 437
704 717 405
705 5823 52
705 696 10
705 5822 51
706 688 188
707 703 255
707 693 160
707 697 193
708 3667 462
708 716 631
708 5839 158
709 5826 122
709 5831 82
709 5822 303
709 5830 181
710 689 37
710 687 1429
710 712 267
711 1361 9
711 6579 539
712 286 169
712 730 397
712 1553 460
712 710 267
713 5836 200
714 693 181
715 727 115
715 728 11
715 736 124
716 708 631
717 5830 96
717 1294 302
717 704 405
718 5837 197
718 702 176
718 685 270
719 703 31
719 700 227
719 702 170
720 1294 9
720 692 286
720 1576 604
721 731 412
721 734 123
721 726 120
722 724 130
722 736 214
722 5833 190
723 5821 7
723 5820 217
724 722 130
724 5821 170
724 732 578
725 736 74
725 729 77
725 5831 373
726 734 27
726 735 145
726 721 120
727 715 115
728 715 11
728 732 217
728 691 301
729 725 77
730 1381 220
730 712 397
730 733 302
731 721 412
732 736 85
732 728 217
732 724 578
733 734 29
733 286 308
733 730 302
734 726 27
734 733 29
734 721 123
735 726 145
736 725 74
736 722 214
736 732 85
736 715 124
737 738 493
738 45055 2079
739 178 1040
739 2938 5252
739 1544 1788
740 1544 28
740 1553 7790
741 4660 281
741 3021 391
742 2469 199
743 744 63
744 1413 14
744 746 315
745 1432 14
745 743 323
746 1400 14
746 891 363
747 840 369
747 3020 379
748 3494 496
748 806 503
748 2447 552
748 757 323
749 750 20
749 755 161
749 752 278
750 4688 90
750 749 20
750 753 1151
751 887 178
751 888 173
751 754 148
752 2448 341
752 883 231
752 2449 614
752 749 278
753 754 62
753 742 87
753 750 1151
754 753 62
754 753 153
754 751 148
755 5187 166
755 2451 14
756 1422 220
756 1401 21
756 2457 386
757 3460 34
757 748 323
757 5923 1022
758 3195 259
758 3213 111
758 3208 534
758 3192 569
759 5635 28
759 814 16
760 765 21
760 763 96
761 765 79
761 767 158
762 760 30
762 6195 551
763 821 5773
764 763 121
764 760 123
765 766 32
765 767 93
766 762 23
767 4980 1367
768 769 69
768 774 148
769 770 20
769 774 117
770 777 28
770 776 73
771 773 17
771 772 1398
772 770 117
772 776 162
773 819 10
773 4976 56
774 4975 1343
775 769 28
775 4973 3226
776 6430 2522
777 775 19
778 3392 822
779 801 198
780 3516 481
780 782 124
781 336 589
781 784 450
782 784 44
782 786 70
783 782 60
783 780 99
784 783 44
785 340 22
785 339 473
785 3516 251
786 337 975
786 779 442
787 1438 286
787 792 468
788 795 16
788 1446 284
789 1405 17
790 792 1324
791 4586 224
792 787 468
792 3776 178
792 790 1324
793 2953 10
793 2952 313
794 803 8
794 810 836
795 797 7
796 811 26
797 815 16
797 5948 762
798 794 10
798 809 276
799 817 19
799 4573 87
800 807 16
800 5541 306
800 2491 433
801 798 8
801 4584 1485
802 404 14
802 2495 57
803 801 10
803 781 235
804 811 2680
804 813 202
805 5636 25
805 793 16
806 3494 93
806 2448 212
806 748 503
806 2447 115
807 800 16
807 2489 238
808 802 13
809 794 277
809 6228 310
809 6227 696
810 1431 18
810 2479 566
811 812 16
811 804 2680
812 804 207
812 813 22
813 816 10
814 1439 238
815 788 9
815 5992 168
816 6480 359
816 789 24
817 5584 26
817 4578 38
819 821 17
819 4978 42
820 2087 121
821 771 10
822 829 12
822 4071 893
823 832 538
823 827 794
824 827 10
824 823 786
825 822 10
825 832 444
826 824 6
826 833 624
827 826 8
828 825 12
828 3148 593
829 828 10
830 832 634
831 833 10
831 824 631
832 823 538
832 830 634
832 822 446
833 761 5323
834 840 19
834 4664 634
835 1411 199
836 3493 33
836 3487 16
837 890 116
837 3519 412
838 841 19
838 2475 742
839 836 19
839 3489 90
840 838 15
840 3019 383
841 834 16
841 842 376
842 890 19
842 1408 516
842 1414 638
843 835 140
843 3487 75
844 5634 37
844 805 10
845 1539 907
845 1436 2783
845 24765 320
846 849 40
846 5178 177
847 5173 37
847 848 44
848 5181 91
849 1516 105
850 851 108
850 4633 321
850 4632 539
851 850 108
851 4905 507
851 852 365
852 4912 335
852 851 365
852 4900 597
853 4127 451
853 365 114
854 2580 179
854 3655 75
855 6574 316
855 1007 891
856 2744 305
857 858 66
857 1016 91
858 1010 11
858 1013 34
859 858 40
859 1019 57
860 3709 32
860 1561 10
861 3703 32
861 3694 10
862 863 40
862 2578 122
862 3693 10
863 2579 123
863 3691 10
863 2584 312
864 1327 25
864 2726 153
865 1313 235
865 1291 1350
865 1291 381
865 1388 394
866 1313 254
866 1329 166
866 1336 159
867 1347 190
867 1388 672
867 1321 270
868 45066 10
869 1098 58
869 12 410
870 20 1276
871 3108 842
871 75 2410
872 43 57
872 2961 33
873 39 36
873 5080 471
873 872 361
874 4657 20
874 876 17
875 874 61
875 4659 49
876 877 61
876 4663 32
877 875 17
877 4653 26
878 889 89
879 887 90
880 889 53
881 883 256
881 5188 47
882 889 156
883 881 256
883 5194 153
883 5192 154
883 752 231
884 5193 271
884 885 85
884 3494 57
885 884 85
886 887 28
886 889 64
886 890 397
887 879 90
887 886 28
887 751 178
888 751 173
889 880 53
889 886 64
889 882 156
889 878 89
890 842 19
890 834 378
890 886 397
891 892 13
892 3462 14
892 5182 789
893 6507 1140
894 895 146
894 895 377
894 907 38
894 910 669
895 894 146
895 894 377
895 906 43
895 900 134
896 906 107
896 899 146
896 901 159
897 903 90
898 899 106
899 898 106
899 896 146
899 907 100
900 895 134
900 902 259
900 901 174
901 896 159
901 905 130
901 900 174
902 900 259
902 6507 1079
902 903 174
903 905 96
903 897 90
903 902 174
904 905 81
905 901 130
905 903 96
905 904 81
906 896 107
906 895 43
906 907 146
907 899 100
907 894 38
907 906 146
908 910 803
908 5893 277
908 3398 1491
909 910 1391
910 908 803
910 894 669
910 909 1391
911 2712 324
911 2715 181
911 1311 682
912 2709 162
912 2712 164
912 2719 76
912 1315 694
913 4426 135
913 4462 299
913 4458 236
913 4457 88
914 4003 157
914 3755 161
914 3754 556
915 3437 90
915 3916 245
915 3436 262
916 4100 79
916 4112 389
916 4110 453
917 4100 109
917 3454 233
917 4105 354
918 305 566
918 3391 1242
919 920 4052
920 932 981
920 80 434
921 918 2994
922 74 329
923 924 568
923 931 344
924 922 33
924 927 308
925 930 333
926 79 186
926 78 352
927 73 162
928 922 232
928 930 376
929 921 2026
929 928 282
930 933 4947
931 5223 2001
932 931 135
933 2 453
933 84 1053
934 937 21
934 935 53
934 10 52
935 934 53
935 10 49
935 939 47
935 936 66
936 6489 255
936 939 68
936 935 66
937 934 21
937 1146 838
938 937 50
938 935 65
939 84 515
940 941 423
940 943 408
941 942 14
941 4117 1837
942 941 14
942 947 597
942 943 174
943 199 8424
944 949 766
944 946 582
945 948 4
945 947 26
946 947 42
946 945 36
947 942 597
947 945 26
948 945 4
948 4965 461
948 949 1092
949 4969 3185
950 85 184
950 951 285
951 4968 510
952 45031 247
952 83 162
953 188 1640
953 190 923
954 135 37
954 1005 51
955 956 17
955 988 47
956 135 12
956 1004 37
957 139 621
957 958 370
958 2825 504
959 5913 76
959 5917 104
960 227 14
960 5916 58
961 145 263
961 5910 184
962 963 76
962 978 139
963 969 16
963 978 91
965 2400 42
966 967 11
966 982 401
967 968 10
967 5903 509
968 966 14
968 5909 332
969 971 14
969 973 89
970 963 14
970 977 52
971 970 16
971 975 66
972 973 175
972 969 112
973 2405 548
974 971 123
974 975 161
975 984 299
976 970 70
976 977 96
977 5908 146
978 4949 357
979 4959 323
979 197 87
980 2378 2384
980 4960 50
981 982 8
981 967 409
982 981 8
982 5907 405
982 5905 329
983 2403 15
983 2401 376
984 985 20
984 2403 555
984 5911 308
985 984 20
985 976 297
985 5905 201
986 133 56
986 2874 142
987 955 49
987 988 75
988 252 646
989 134 36
989 990 50
990 986 215
991 992 20
991 254 702
992 994 1055
993 994 19
993 2844 906
994 993 19
994 225 1381
995 996 21
995 998 665
996 250 192
997 998 21
997 996 667
998 5938 334
999 1002 26
999 1000 19
1000 5937 641
1001 1002 19
1001 1000 27
1002 233 1279
1003 956 60
1003 1004 72
1004 2830 929
1005 2859 1634
1006 1020 2031
1007 5219 2046
1008 6471 119
1008 1009 89
1009 859 60
1009 1019 86
1010 1014 40
1010 1017 79
1011 5335 14
1011 5229 561
1012 1010 49
1012 1017 97
1013 1016 26
1013 293 43
1014 859 12
1014 1018 45
1015 1014 52
1015 1018 78
1016 3677 83
1016 293 18
1017 1007 374
1017 6565 447
1018 6468 48
1019 6575 48
1020 6573 384
1020 856 893
1021 1023 124
1021 2960 66
1022 2960 67
1022 1026 124
1023 1028 583
1024 41 186
1024 39 214
1025 1024 20
1025 42 299
1026 1029 631
1027 1039 1159
1027 1036 59
1028 1029 48
1028 1031 417
1029 1030 314
1030 1031 58
1030 1036 752
1031 1027 632
1032 1033 427
1032 3985 227
1033 1034 182
1034 1035 69
1034 1044 714
1035 1043 1263
1036 1037 1015
1037 1038 131
1037 1039 90
1037 3953 403
1038 3975 374
1038 3977 329
1039 1040 676
1040 1035 964
1040 1041 64
1041 4541 104
1042 1043 69
1042 1075 723
1043 1074 578
1044 6098 177
1045 3453 81
1046 1047 52
1046 21 1252
1047 1048 42
1048 3100 55
1048 3929 322
1049 1050 98
1049 4540 174
1050 1055 670
1051 4543 526
1051 4102 210
1051 20 755
1052 1053 158
1052 1054 343
1053 325 127
1054 432 518
1055 37 1167
1055 1056 71
1056 3440 827
1057 1059 798
1057 37 74
1058 1059 56
1058 1061 416
1059 1060 311
1060 1061 49
1060 1062 365
1061 1065 583
1062 1067 266
1062 4219 658
1063 1069 148
1063 1509 636
1064 38 763
1065 2959 60
1065 1064 124
1066 1063 76
1067 2959 60
1067 1066 124
1068 1507 485
1069 42 57
1069 1073 571
1070 40 59
1070 1072 222
1071 48 83
1072 1073 56
1072 1071 230
1073 1072 56
1073 1068 120
1074 1075 80
1074 1076 250
1075 6074 28
1076 1086 960
1077 1076 76
1077 1089 518
1078 3934 81
1079 1078 238
1079 6047 159
1080 4545 411
1081 1082 75
1081 1080 212
1082 6077 16
1083 1080 65
1083 6053 83
1084 1090 31
1084 6094 328
1085 1086 138
1085 1098 221
1086 869 24
1087 1088 116
1087 1081 937
1088 1090 364
1089 1092 26
1089 1084 12
1090 1091 12
1090 3884 218
1091 1089 30
1091 6085 351
1092 1084 24
1092 6095 148
1093 4024 10
1093 1257 61
1093 3870 146
1094 2084 42
1094 1095 81
1094 6122 30
1095 2084 91
1095 1094 81
1095 1096 148
1096 1095 148
1096 6105 1053
1096 4507 1085
1097 1103 80
1098 81 141
1099 3897 67
1099 1088 493
1100 1101 118
1100 3898 89
1101 1087 461
1102 1097 106
1103 1104 13
1103 3900 127
1104 6155 37
1104 1105 69
1105 1113 719
1106 3894 22
1106 1100 199
1107 1108 65
1107 1101 392
1108 1106 11
1109 403 389
1109 1161 1172
1110 1111 169
1111 3414 122
1112 3417 331
1113 1114 65
1113 1119 718
1114 1117 596
1115 1116 63
1115 1269 383
1116 1107 719
1117 1118 105
1117 1119 58
1118 6188 148
1118 6184 302
1119 1122 300
1120 1121 58
1120 1116 719
1121 1115 599
1122 1127 640
1122 1123 66
1123 6037 202
1124 1125 57
1124 6279 310
1125 1120 300
1126 1127 59
1126 6182 164
1127 1130 638
1128 1125 641
1128 1129 58
1129 5703 275
1130 1135 664
1130 1131 68
1131 1134 520
1132 1133 67
1132 1129 762
1133 1128 638
1134 6180 37
1134 1135 76
1135 1112 1277
1136 1133 774
1136 1137 76
1137 1132 632
1138 4546 306
1139 1136 1123
1139 1143 145
1140 1141 356
1140 1145 62
1141 1249 30
1141 1142 312
1141 1140 356
1142 1141 312
1142 1138 101
1143 1138 81
1143 1142 59
1144 1145 83
1144 1140 97
1145 1112 170
1146 6486 409
1146 937 838
1146 6491 2001
1147 1560 1025
1147 6486 460
1147 6491 1232
1148 3 132
1148 6483 382
1149 3061 409
1149 5707 69
1150 1151 116
1150 13 188
1151 3 8
1151 13 106
1152 6422 797
1153 1154 55
1154 1242 33
1155 402 355
1155 400 340
1156 1158 301
1157 1158 405
1157 1153 564
1158 1159 828
1158 406 298
1159 6473 233
1159 5878 258
1160 2092 551
1161 18 501
1162 303 617
1163 1 7303
1164 1165 21
1164 2507 882
1165 25 29
1165 3496 574
1166 4620 10
1166 2191 44
1166 45058 40
1167 1168 212
1167 45132 115
1167 2191 217
1168 1167 212
1168 45133 108
1168 45125 238
1168 1170 2228
1169 45122 21
1169 1170 298
1169 4621 492
1170 1168 2228
1170 45121 3414
1170 1169 298
1171 201 72
1172 3769 138
1172 1490 1859
1172 1465 167
1173 1174 38
1174 1173 38
1174 2919 645
1175 348 44
1175 3181 63
1176 586 147
1177 1630 615
1177 3852 1202
1177 1633 177
1178 4914 109
1178 4883 2468
1178 2198 143
1179 25491 247
1179 25495 189
1179 4883 288
1179 4891 811
1180 23664 713
1180 1540 2391
1180 15054 894
1181 4151 193
1181 509 19
1182 1190 53
1182 1188 220
1182 515 206
1183 6420 105
1183 1184 168
1183 3625 553
1183 6419 121
1184 1195 78
1184 1183 168
1184 1222 458
1185 1192 70
1185 1206 56
1186 520 26
1186 522 135
1186 1215 232
1186 1208 143
1187 1203 133
1187 1201 11
1187 1199 293
1188 1182 220
1189 1223 12
1189 1206 166
1189 1207 154
1190 1182 53
1191 1223 183
1191 1217 61
1191 1219 233
1192 3602 60
1193 1237 1554
1194 474 125
1194 516 259
1195 3099 83
1195 1184 78
1195 24 319
1196 6419 55
1197 1219 174
1198 1213 588
1199 1204 121
1199 1209 160
1199 1187 293
1200 524 293
1200 1214 168
1200 1226 148
1201 1187 11
1201 1218 123
1202 1217 12
1202 1225 598
1202 6587 123
1203 1210 42
1203 1207 13
1204 1221 39
1204 1199 121
1204 1215 337
1205 1219 132
1205 1211 134
1205 3589 183
1206 1189 166
1206 1185 56
1206 1224 108
1207 1203 13
1207 1201 128
1207 1189 154
1208 3625 64
1208 522 61
1208 1186 143
1209 1215 61
1209 1199 160
1209 1210 255
1210 1203 42
1210 1217 14
1210 1209 255
1211 6588 92
1211 1205 134
1211 1213 105
1212 1225 251
1213 1198 588
1213 1211 105
1213 3635 214
1214 1200 168
1214 3629 573
1214 1225 71
1215 1209 61
1215 1186 232
1215 1204 337
1216 1224 134
1216 3602 203
1216 3589 95
1217 1202 12
1217 1210 14
1217 1191 61
1218 476 309
1219 1205 132
1219 1197 174
1219 1191 233
1220 475 251
1221 1204 39
1221 1220 42
1222 23 166
1222 3099 293
1222 1184 458
1223 1189 12
1223 1224 138
1223 1191 183
1224 1223 138
1224 1216 134
1224 1206 108
1225 1202 598
1225 1214 71
1225 1212 251
1226 1200 148
1227 2138 139
1228 1236 5099
1229 1228 1321
1229 1230 897
1230 2958 1572
1231 1227 1091
1231 1228 920
1232 1230 653
1232 1227 1267
1233 1235 563
1234 284 1106
1234 317 425
1235 1232 5088
1236 1234 505
1236 269 1766
1237 1267 3605
1237 1245 151
1237 1193 1554
1238 1266 456
1238 1259 379
1238 3091 89
1239 1281 287
1239 1277 674
1240 1279 42
1240 1268 13
1240 1244 253
1241 1279 73
1242 1276 16
1242 5721 1195
1243 1244 93
1244 1240 253
1244 1263 100
1244 1243 93
1245 1249 487
1245 5788 360
1245 1237 151
1246 1277 48
1246 1265 431
1246 1250 391
1247 3219 93
1247 1268 56
1247 1270 30
1248 1271 11
1248 2110 416
1249 1141 30
1249 1245 487
1249 6177 1800
1250 3219 141
1250 1246 391
1250 1402 614
1251 1274 20
1251 1280 177
1252 5590 181
1253 1262 21
1253 1261 139
1253 429 1598
1254 1502 113
1254 3217 221
1254 598 129
1255 1253 63
1255 1264 317
1256 391 182
1256 5596 55
1256 5600 27
1257 1093 61
1257 3873 185
1257 3866 198
1258 419 106
1259 1238 379
1259 1502 113
1259 3217 402
1260 1402 248
1260 1279 131
1261 1253 139
1262 604 444
1262 1253 21
1263 1281 123
1263 1279 257
1263 1244 100
1264 1255 317
1265 1246 431
1266 2985 148
1266 1238 456
1266 1505 115
1267 3907 553
1267 1237 3605
1267 3902 993
1268 1240 13
1268 1270 31
1268 1247 56
1269 1108 463
1269 3902 1317
1270 3218 100
1270 1247 30
1270 1268 31
1271 1248 11
1271 470 381
1271 5697 256
1272 3478 216
1273 5600 511
1274 36 19
1274 87 54
1275 1251 20
1276 399 49
1276 1242 16
1276 4591 730
1277 1246 48
1277 1239 674
1277 3218 331
1278 3404 252
1279 1263 257
1279 1241 73
1279 1260 131
1279 1240 42
1280 4188 201
1280 1258 603
1281 1263 123
1281 1260 254
1282 1369 114
1282 1319 356
1282 1292 545
1282 1318 521
1283 1287 187
1283 2723 61
1283 2707 204
1284 1380 344
1284 2725 168
1284 1285 618
1285 1321 850
1285 2728 3685
1285 1284 618
1286 1324 134
1286 3331 80
1287 1283 187
1287 1367 19
1287 699 41
1288 1300 354
1288 1333 98
1288 1358 155
1289 1354 473
1290 1508 312
1291 1292 205
1291 865 1350
1291 865 381
1291 1369 449
1292 1291 205
1292 1345 409
1292 1368 221
1292 1282 545
1293 1387 75
1293 1380 325
1293 1340 362
1294 720 9
1294 717 302
1294 1381 565
1295 5301 478
1295 5217 31
1295 5216 34
1296 2708 128
1296 1315 87
1296 2709 786
1297 5532 139
1298 2626 228
1298 1300 223
1298 2604 203
1299 3341 91
1299 3325 261
1299 3329 352
1300 1298 223
1300 1288 354
1300 1567 350
1301 1376 408
1302 3233 90
1302 1303 176
1302 3337 301
1303 1302 176
1303 3234 262
1303 3230 660
1304 1363 158
1304 3865 145
1304 3866 220
1305 1319 256
1306 3699 62
1306 860 14
1307 1323 261
1308 1713 19
1308 1730 23
1308 1317 411
1309 1345 107
1309 1366 263
1309 1313 442
1310 1323 318
1311 2710 84
1311 911 682
1311 2707 106
1312 4465 60
1312 1352 239
1312 4426 1023
1312 4468 228
1313 865 235
1313 866 254
1313 1309 442
1313 1368 120
1314 4298 293
1314 4313 154
1314 4302 527
1314 1559 500
1315 912 694
1315 2710 167
1315 1296 87
1316 4022 15
1317 1772 314
1317 162 19
1317 1774 281
1318 1282 521
1318 1389 75
1318 1369 528
1319 1305 256
1319 1282 356
1319 1343 427
1320 2352 1722
1321 5229 39
1321 1285 850
1321 867 270
1322 2722 19
1322 1327 87
1322 1384 205
1323 1369 304
1323 1310 318
1323 1307 261
1323 5301 1048
1324 1286 134
1324 3384 11
1325 1368 185
1326 861 13
1326 3705 39
1327 699 5
1327 1367 37
1328 1368 135
1329 1366 299
1329 1380 160
1329 866 166
1330 1719 137
1330 1701 417
1330 1707 309
1331 5770 150
1331 672 303
1331 5778 419
1332 1324 98
1332 1286 125
1333 1379 15
1333 1288 98
1333 1287 388
1334 4799 313
1335 5605 249
1335 2213 842
1335 5631 132
1335 5630 149
1336 1347 333
1336 1380 204
1336 1339 108
1336 866 159
1337 1339 145
1338 1342 703
1339 1388 146
1339 1336 108
1339 1337 145
1340 1293 362
1341 218 1712
1342 1338 703
1342 1362 622
1342 2756 1074
1342 5500 696
1343 1319 427
1344 1370 552
1345 1309 107
1345 1292 409
1345 2727 387
1346 5586 28
1346 1320 761
1346 3234 1678
1347 1336 333
1347 1387 156
1347 867 190
1348 6065 88
1348 1363 115
1348 5650 37
1349 2672 248
1349 2676 125
1350 1354 474
1351 2213 931
1352 1312 239
1353 1902 1123
1353 5648 1014
1353 3101 1315
1354 1350 474
1354 1289 473
1354 5528 129
1354 5536 291
1355 5605 587
1355 651 714
1356 1383 1584
1357 3800 206
1357 1391 739
1357 5163 248
1358 1288 155
1359 704 437
1359 1294 591
1360 1362 21
1360 5510 922
1360 331 553
1361 711 9
1361 2576 281
1361 1359 513
1362 1342 622
1362 1360 21
1362 5501 521
1363 1304 158
1363 3873 23
1363 1348 115
1364 1729 144
1364 3744 18
1364 1739 77
1365 4341 232
1366 2726 22
1366 1329 299
1366 1309 263
1367 1287 19
1367 2593 319
1368 1328 135
1368 1325 185
1368 1313 120
1368 1292 221
1369 1323 304
1369 1282 114
1369 1318 528
1369 1291 449
1370 6101 147
1370 6100 498
1370 1344 552
1371 1708 194
1371 1756 78
1371 1699 111
1371 1740 192
1372 1388 530
1373 2589 116
1373 2592 202
1373 2573 109
1374 4089 11
1374 3878 225
1374 3872 257
1375 1508 298
1375 3802 328
1375 3801 216
1376 1507 21
1376 1301 408
1376 610 585
1377 1332 240
1377 71 159
1378 1387 258
1379 1333 15
1379 3702 352
1380 1336 204
1380 1284 344
1380 1329 160
1380 1293 325
1381 1573 46
1381 730 220
1382 1320 374
1383 1356 1584
1383 4471 1302
1383 4483 707
1384 2589 363
1384 1322 205
1384 2573 415
1385 5325 60
1385 217 519
1385 5323 209
1386 4468 205
1386 4484 149
1386 4485 262
1387 1347 156
1387 1293 75
1387 1378 258
1388 1339 146
1388 1372 530
1388 865 394
1388 867 672
1389 4401 264
1389 4389 741
1389 1318 75
1390 1720 30
1390 1728 132
1390 1739 76
1390 3746 141
1391 3799 48
1391 3800 643
1391 1357 739
1392 1394 118
1392 2197 328
1392 4923 918
1393 25167 550
1393 4609 889
1393 4616 378
1394 1392 118
1394 1396 1369
1394 2196 368
1395 25167 313
1395 19732 430
1395 25163 190
1395 4613 639
1396 4635 133
1396 4915 302
1396 1394 1369
1396 4917 180
1397 3190 303
1397 4634 3090
1397 4609 1100
1398 3907 1538
1398 4053 630
1398 6190 1022
1399 98 8
1399 1409 93
1400 3015 350
1400 746 14
1400 1413 315
1401 756 21
1401 4691 821
1402 1428 18
1402 1407 1386
1402 1250 614
1403 2437 541
1403 1425 9
1403 5545 885
1404 3519 73
1404 1408 19
1404 837 403
1405 796 15
1405 5185 989
1406 1416 608
1407 6226 19
1407 2135 1027
1408 1404 19
1408 1414 263
1408 843 383
1409 1419 441
1410 3463 241
1410 2453 131
1411 3773 242
1411 5637 673
1412 93 137
1412 374 544
1413 2466 62
1413 1433 62
1414 1408 263
1414 842 638
1414 3775 102
1415 1418 575
1415 1430 130
1416 1428 1193
1416 1406 608
1417 1420 13
1417 3224 268
1418 4642 115
1418 2434 27
1418 1415 575
1419 1426 214
1419 97 11
1419 3220 334
1420 440 10
1420 2981 1372
1421 1412 21
1421 5587 29
1421 388 490
1422 756 220
1422 5189 381
1422 6433 358
1423 97 174
1424 2427 403
1425 2426 434
1425 1403 9
1425 1429 854
1426 1419 214
1427 1399 16
1427 2986 354
1428 1402 18
1428 598 1024
1429 2206 296
1429 1425 854
1429 2205 499
1429 2200 478
1430 1415 117
1430 2425 146
1431 5988 8
1431 5991 643
1432 3464 213
1432 745 14
1432 1410 141
1433 743 14
1433 1432 323
1434 1435 274
1434 1436 2898
1434 24765 694
1434 17093 1025
1435 1434 274
1436 845 2783
1436 1540 4903
1436 1434 2898
1437 451 285
1438 793 119
1438 5633 76
1439 1440 310
1439 2482 291
1440 1439 310
1440 1442 10
1440 2954 295
1441 1446 16
1441 1445 294
1441 795 284
1442 1440 10
1442 1443 88
1443 1444 395
1443 1442 87
1444 1443 395
1444 1445 117
1445 1444 108
1445 1441 294
1446 1441 16
1446 2478 291
1447 1452 1800
1447 3400 579
1448 1449 31
1448 6428 27
1449 1448 31
1449 6429 403
1449 3793 484
1450 5902 80
1450 2891 1042
1451 2145 532
1451 2143 1113
1452 1451 377
1453 1475 103
1453 1456 78
1453 1474 200
1453 1495 80
1454 999 616
1454 1468 1103
1455 1481 98
1455 3523 86
1455 3764 199
1455 3763 338
1456 1457 183
1456 1453 78
1456 1478 53
1457 1456 183
1457 1487 294
1457 2898 872
1458 1492 129
1458 1491 130
1458 1479 119
1459 3718 299
1459 3521 60
1459 1472 96
1459 1464 121
1460 1474 199
1461 1468 282
1462 1465 204
1463 1468 78
1463 1493 198
1463 1485 294
1464 3769 53
1464 1473 299
1464 1459 121
1465 1462 204
1465 2885 142
1465 1172 167
1466 5642 176
1467 1499 188
1468 1461 282
1468 1463 78
1468 1454 1103
1469 1498 111
1469 1475 195
1469 1499 216
1469 1474 84
1470 1473 517
1471 1499 185
1471 1483 122
1471 1488 119
1472 5643 146
1472 3523 58
1472 1459 96
1472 1482 312
1473 1496 276
1473 1470 517
1473 3718 103
1473 1464 299
1474 1460 199
1474 1453 200
1474 1469 84
1474 2891 577
1475 1469 195
1475 1488 102
1475 1453 103
1476 1479 118
1476 1477 118
1476 1492 123
1477 1476 118
1478 1456 53
1479 1483 184
1479 1476 118
1479 1458 119
1479 1499 132
1480 1487 610
1481 3768 171
1481 1455 98
1481 3765 195
1481 3521 86
1482 1491 265
1482 1472 312
1482 3718 105
1482 5642 151
1483 1479 184
1483 1496 268
1483 1471 122
1484 1486 89
1484 3763 365
1484 3764 189
1484 1485 390
1485 1493 87
1485 1484 390
1485 1463 294
1486 1484 89
1486 3770 23
1486 3765 195
1487 1488 164
1487 1457 294
1487 1480 610
1488 1487 164
1488 1475 102
1488 1471 119
1489 1496 84
1490 1172 1859
1491 1496 190
1491 1482 265
1491 1458 130
1492 1476 123
1492 1494 71
1492 1458 129
1492 1497 87
1493 1485 87
1493 1463 198
1493 244 345
1494 1492 71
1495 1453 80
1496 1489 84
1496 1491 190
1496 1473 276
1496 1483 268
1497 1492 87
1498 1469 111
1499 1479 132
1499 1469 216
1499 1471 185
1499 1467 188
1500 247 1808
1500 2761 1223
1500 256 792
1501 4072 1498
1502 1259 113
1502 1254 113
1502 3091 401
1503 1505 184
1503 6246 90
1503 1504 214
1504 1503 214
1505 1503 184
1505 1506 365
1505 1266 115
1506 1505 365
1506 6243 135
1506 6245 33
1507 1508 318
1507 1376 21
1507 3798 414
1508 1375 298
1508 1290 312
1508 1509 322
1508 1507 318
1509 1508 322
1509 3802 325
1509 1063 636
1509 1510 426
1510 4219 3
1510 1509 426
1510 4255 217
1511 5117 3174
1512 1685 515
1513 3736 17
1513 1524 170
1513 1530 200
1514 1518 13
1514 1535 241
1515 4132 222
1516 1517 329
1516 4667 84
1517 1516 329
1517 5172 109
1518 5171 12
1518 1521 364
1518 1529 111
1519 1523 184
1520 3736 188
1520 1527 188
1521 4258 38
1521 1526 23
1521 1518 364
1522 1517 125
1522 4669 316
1523 1538 14
1523 3408 224
1523 1519 184
1524 1513 170
1525 5546 99
1525 344 44
1526 1521 23
1526 3455 368
1526 405 86
1527 1515 82
1527 1530 234
1528 1529 13
1528 5171 106
1529 1528 13
1529 1533 154
1529 1536 102
1530 1513 200
1530 1535 14
1530 1518 243
1531 3150 37
1531 1537 85
